5,4,65
5,4,65
4,1,59|3,2,72|5,4,57|1,5,54
0,3,62|5,4,57|3,2,70|2,5,37
0,1,54|3,5,66
1,3,56|0,2,46
5,1,49
1,3,40|0,3,38|2,2,33
1,3,54
2,1,29
0,4,46|5,1,37|1,2,54
3,1,72
5,2,45
3,2,46|1,2,36|2,5,57|0,5,60
3,4,58|4,3,39
3,1,50
4,2,61
0,3,60|3,3,50|5,3,49|4,2,67
4,1,47|1,2,52
1,3,32
1,3,60|4,1,63|3,4,72
5,3,61|0,2,54|3,4,54|1,5,44
1,1,56|4,1,65|0,2,60|5,2,63
3,3,62|5,5,65|1,5,58
2,2,45|4,3,51|0,5,58|5,1,37
3,1,68
3,1,68|4,2,43|1,1,60|0,3,42
0,3,54|5,3,57|2,1,33|4,1,59
4,4,47|2,4,55|5,2,41
4,4,67|5,4,57|0,2,50|1,4,40
2,2,57
5,5,49|0,2,38|4,1,47|2,3,55
5,2,59
1,5,36|4,4,59
4,2,51|1,2,60
3,3,72
3,3,46|1,2,54|4,2,67
1,5,40|5,4,63|0,1,58
5,2,57|1,2,54|3,3,72|4,1,51
1,2,54
2,1,29|5,1,57
1,3,36
3,5,68
2,2,51
2,3,57|3,4,46
0,2,56
0,1,56|1,5,44|3,1,58
5,2,61
0,1,38|3,5,54
1,2,54|3,3,66
1,5,40|0,1,62
0,2,56
2,2,37
5,5,45|4,3,39|1,4,52|2,1,37
4,2,61
3,3,46
1,4,52|0,1,58
5,2,59
5,2,59|4,2,67|1,1,60
2,3,45|1,3,54|4,2,61
5,1,45|4,2,65
1,2,40|4,3,65
0,3,60
2,4,53|4,1,63|1,3,36
5,1,59
4,5,39|0,3,50|3,5,54
2,5,45|1,2,32
4,1,61
3,1,46|0,3,38|4,5,55
1,2,54
5,1,49
1,4,58
3,5,68
0,5,54|5,2,65|2,2,51|3,3,66
2,3,57|3,3,66|5,4,61
1,2,36
3,2,68
4,2,43|3,1,58
1,4,52|0,3,34|3,2,66|5,4,41
5,1,59
2,2,53|3,4,66
3,1,68|0,1,56
3,5,58
1,2,32|4,5,67
1,5,56|3,2,58
2,5,33|3,4,66|5,4,59
2,1,53
1,5,44|4,3,67|0,4,50|3,4,72
0,4,58|2,4,51
1,4,58
0,1,56|1,1,54
1,5,56
5,5,41
3,2,62|2,1,41
3,4,46|5,1,41|2,1,57
0,5,34|5,1,53
0,3,50|2,2,51|5,1,49
4,3,65|2,4,57|0,1,60
4,4,39
4,5,51|3,2,68|2,3,55|5,2,45
4,3,43|5,2,49|2,1,41
2,5,53|4,3,55
0,3,60|1,5,32|3,2,74|4,3,43
2,3,49|5,5,63|4,5,43
0,1,56|2,1,51
2,2,51|1,3,40
0,1,58|1,1,52|3,1,66
4,2,55|5,5,63
4,5,47|0,3,38
1,2,32
1,2,54|4,5,39
2,4,53
1,2,54|3,3,46|2,3,53
0,5,56|2,5,55
1,3,32
3,1,68|0,1,56
4,3,51|0,4,50|3,1,50|5,5,53
2,4,55|4,2,67|3,1,72|0,2,46
1,4,56|2,5,51
0,1,60|5,1,57
2,2,57
3,5,54|1,5,44|2,3,33|4,3,55
0,1,60
4,4,61|2,1,57|1,1,58|0,4,62
2,3,29|3,3,46|1,3,54|4,3,47
2,3,51|3,1,68
1,5,52|5,1,37|2,3,55
3,4,74|1,2,36|2,5,33
2,2,37|3,2,50|0,3,42|4,4,61
0,2,38|5,5,57|1,4,58|3,1,68
0,4,62
4,2,43|3,4,66|5,4,45|0,5,38
4,2,65|2,1,45
1,3,58|0,1,38|3,1,70
5,5,59|0,4,42
5,3,49|4,4,63|1,4,36|0,2,54
4,1,59|2,1,49|3,2,46|0,1,56
4,2,61
4,3,67|3,1,68|1,5,44
1,2,48|3,5,72|4,3,67
3,2,66|2,1,45
0,5,38|1,3,44|4,2,39|5,1,41
2,1,41
3,2,74|0,5,42|2,4,53|5,1,41
4,2,67|2,2,37|0,2,34
3,4,50|1,1,36
0,4,58|3,5,54|5,1,37|2,5,29
0,2,38|5,3,63|2,1,55|1,3,58
1,4,60|4,2,63|0,5,38
3,5,50
4,5,67
4,4,63|1,4,54|3,1,74
4,5,51|3,2,68
2,1,51|1,2,36|5,3,49|0,3,34
2,1,55|0,3,42
3,5,68|5,1,37|2,1,53
3,2,50|5,2,61|2,4,57
5,3,49|2,5,51|1,3,56|0,2,60
5,3,45|1,1,54
0,3,42|3,3,74
3,4,68
0,4,34|3,5,54
0,2,60|1,2,40|3,4,54|2,4,41
3,2,72|4,1,39|0,4,56
5,1,61
2,1,49|5,5,41
5,3,63|4,5,59|3,4,74|0,4,62
0,4,60|2,4,49|4,5,43|3,4,54
1,5,56|5,5,57|2,4,45
2,1,45|3,3,58|0,2,54
3,4,74|4,3,63
3,3,72|0,4,56|5,3,59
2,4,55
3,4,50
5,2,63|0,4,60
2,5,41|4,1,39
0,5,54|1,1,58
3,2,72|1,4,60|2,4,33|0,2,60
3,3,74|1,5,44|5,2,57|2,5,29
1,1,36|2,4,49|5,1,37|0,5,62
3,4,74|2,4,37|0,4,46|5,4,53
3,5,66|0,1,42|5,5,45|2,2,33
3,3,72|1,1,56
4,2,63
4,1,43|2,4,53|3,3,70
5,1,63
2,4,41|3,5,58
3,5,68|5,5,61|1,3,58|2,3,55
2,4,37|1,4,36
4,2,47|3,4,68|5,1,59|0,3,54
4,5,63|0,1,34|1,3,36
2,5,37
5,1,57|1,3,36
0,2,54|4,4,51|5,5,61
3,5,62
0,1,38|4,3,51|5,4,45|2,2,53
4,4,61|0,2,38|1,1,48|5,3,45
2,1,49|5,5,41
2,5,41|1,3,52|4,3,61|0,5,38
5,2,63|2,3,41|4,4,43
5,5,41
