0,25,8|4,20,4|2,10,9|1,15,8|3,10,8
2,20,8
1,20,10|5,20,8
2,15,4|0,15,8|1,30,7|3,15,8
4,20,8|1,20,8|3,10,7
2,30,5|1,25,11|3,10,6|0,25,6|4,15,5
3,10,7|1,10,9
4,30,5|2,15,8|0,15,7|1,25,9
5,30,7|1,25,10
3,30,7|4,15,7|2,30,4
5,15,9|0,10,3|1,25,9
5,10,8|1,25,10
5,10,7|4,25,4
4,10,8|3,25,9
5,20,6|1,10,9|3,15,10
5,20,6
5,10,8
0,15,7|1,15,7|3,20,5|5,10,8|4,15,9
0,10,4|5,25,6|3,30,7|2,15,6
0,30,8|2,25,2|3,30,8|4,20,9
4,30,5|1,15,11
1,25,7|3,30,10|0,30,7|2,10,5
3,25,4
1,10,7|2,20,7|4,30,10|3,15,4
4,15,8
4,25,10|2,30,2
1,25,6|0,15,5|2,25,8|5,15,6|4,15,9
5,30,8|4,25,10
2,25,5
5,15,7|4,30,9|0,20,4|3,20,4
0,20,6|5,20,10
3,10,4|4,25,8|0,25,5
0,25,9|5,25,7|4,20,9|3,25,10
5,25,6
1,15,8
4,25,5|1,25,10|2,25,4|3,15,7
1,25,7|4,15,11|2,15,8
1,10,12|2,10,7|4,20,7
3,30,8|5,20,7|0,10,6|2,10,8|1,30,8
5,10,9|4,10,10|2,25,5|1,20,8
3,25,6|1,10,9|0,25,7|2,20,3|5,10,9
2,25,6
4,20,5|0,30,6
4,25,6|3,30,7|1,25,10|5,30,11|2,10,5
5,15,6|3,30,10|2,10,6|4,25,9|0,10,5
3,10,7|2,25,7|5,15,11
3,15,8|2,10,6|1,20,10|5,15,10|0,25,5
3,30,7|0,10,7|2,30,6|5,15,5
4,15,10|5,15,7|0,25,4
1,20,11|4,30,5
2,10,4|4,20,6
3,15,9
5,10,8
4,10,4|1,10,8|5,20,4|0,20,9
4,15,10|0,20,4
3,20,6|4,15,10|1,20,7
3,20,9|0,20,6
5,20,8
0,20,5
3,25,5
2,20,9|4,25,8|5,30,8
1,25,10|0,25,6|2,10,6|4,15,9|3,25,3
2,30,8|4,30,7
5,25,9
0,10,6|5,30,9|1,10,7
1,30,8|5,25,9
2,15,3|5,15,6|0,10,6|1,20,11
2,10,2|1,30,9|0,10,4|5,25,7|4,30,6
3,20,6|0,10,7|4,25,7|1,30,8
4,30,8|0,25,3|5,10,8|1,15,9
2,25,8
5,10,7|4,15,5
5,25,6|0,15,6|4,15,4|3,15,8|1,20,9
5,10,6|3,25,4
0,10,8|1,10,9|3,25,5|4,15,6
5,10,8
0,10,4|1,20,10|5,20,7
2,10,5|5,15,8|4,20,5
2,10,9|0,10,5|1,10,12|3,20,8
1,15,10|4,25,10|3,15,8|5,20,9|0,15,7
4,20,7|5,15,7|1,15,5|2,30,8
5,10,6|4,30,4|3,30,9|0,20,3
1,15,10
2,25,6
2,25,5|5,10,7
4,20,8|1,10,5|2,15,4|5,30,8
5,15,8|0,10,4|3,15,5
1,15,7
1,30,8|3,10,7
4,15,9|1,25,11|5,20,8|3,10,8|0,30,7
3,15,7
1,10,11|3,10,5|2,10,6
2,30,4
3,25,6|0,30,8|5,20,9|1,25,8|2,15,7
2,10,8|3,10,9
2,25,8|1,25,10
0,30,5|5,30,7
3,15,10|5,10,8|4,15,7
2,15,4|5,15,6|3,15,7|1,20,11
2,30,7|1,30,10
2,25,3
2,30,6|4,25,10|0,30,8|1,30,5|5,25,8
3,30,8
0,15,5|1,30,11|5,10,6|3,25,9|2,30,6
4,25,10|3,20,7
1,10,9|5,20,7|3,25,7
2,10,7|5,20,6
3,15,7|1,30,8|2,30,7
1,25,9|5,15,6|4,10,11|0,15,6|3,30,9
0,15,9|2,10,9|1,25,10|3,30,8|5,20,8
1,10,9|4,15,6|0,10,5|3,30,4
3,20,5|5,25,7|2,25,9|1,10,10
5,30,7|3,20,8|2,15,5|1,10,12|0,25,6
4,30,7|5,20,7
3,10,4|2,20,6|5,10,7|1,15,9|0,15,9
1,25,10|5,10,8
5,30,8|4,25,8
3,20,4|0,25,8
2,25,6|4,25,5|0,20,5
0,30,7|5,30,8
4,30,8|0,30,7|3,15,9|2,20,7|5,10,11
0,30,7|2,20,4
5,30,10
4,10,10
2,20,7
5,10,7
3,10,7
2,30,6|5,10,7|4,30,8
0,20,9|4,25,7|3,10,10
0,20,5
5,30,10
5,20,8
4,15,8|5,15,10
3,25,10|2,20,8|5,20,4|1,25,11|4,30,9
3,10,6|1,30,10|5,15,8|2,15,5
1,15,8|0,30,2|4,25,6|2,15,6
3,10,6
5,15,8|0,15,5|4,25,7|1,25,7|3,15,6
1,10,10|3,30,6|0,20,7|4,25,7
0,20,9|2,10,3|4,15,8|5,10,9
3,20,7|5,30,9
3,25,8|1,20,12|4,15,10|2,10,8
1,10,12
5,30,8
4,25,5|5,10,11
3,10,7|0,20,6|2,15,2|5,10,5
5,10,10|4,30,4
1,30,8|3,15,9|5,10,7
0,10,3|4,15,11
0,30,5|3,10,5
5,30,8|1,25,10|3,15,5|2,20,9
2,25,7|0,30,5
4,15,7|2,15,5|0,10,8|5,15,10|3,15,7
0,10,7|5,30,5|2,15,5|1,25,12
2,30,6|3,25,7
4,25,9
4,15,8|1,10,11
1,30,10|0,30,3|3,15,6|5,30,7
5,30,8|2,20,6
1,10,5
3,20,9|4,20,9
3,20,7
3,15,4
0,20,9|4,30,10|1,20,8|5,15,6|3,10,6
4,10,8|2,15,4|0,30,7|3,10,9|1,10,9
0,15,8|2,30,6|5,20,7|4,15,10|1,20,10
0,25,4
5,15,7|1,10,9|4,15,7|2,15,7|3,20,10
2,10,8|5,30,11|0,25,7|4,15,6|3,10,6
2,10,8|1,15,10|4,25,7|5,25,7
3,15,8|1,10,10|5,10,8
4,30,7|3,25,7|1,10,10|0,30,8
0,15,8|1,20,12|3,30,7
1,20,12
1,20,9|0,20,6|2,25,7|3,10,9|4,10,8
0,20,4|1,10,11
5,30,5|2,25,7
5,10,6|4,10,8|0,20,4|2,25,7|1,10,7
2,10,3|0,20,3|5,30,4|1,10,11|3,30,4
3,10,3|5,10,7|4,10,7
1,15,9|4,20,7
2,25,8|4,25,4
0,10,4|2,25,8|3,10,8|4,10,11
2,15,2|4,10,7|3,30,6|1,15,8|0,10,5
2,10,3|1,20,8|0,10,5
5,30,6|3,20,9|0,30,9|1,25,10
1,30,10|2,20,4|4,30,11|0,15,2|5,30,8
1,30,11
1,25,10
0,20,7|1,20,11|4,30,10|2,25,7
1,20,12|3,25,5|5,20,5|2,25,5
0,20,4
2,15,4|5,10,8|3,10,9
5,30,4|1,25,9|2,30,5|0,20,6|4,15,11
4,25,8|3,10,8|1,25,11|5,25,9|2,10,5
4,15,7|2,15,8|5,25,7
0,10,5|5,20,11
1,10,11|2,30,6
0,30,7
4,20,8|2,20,4|1,25,9|3,10,10
